(kicad_pcb (version 20171130) (host pcbnew "(6.0.0-rc1-dev-1291-g61b749f0b)")

  (general
    (thickness 1.6)
    (drawings 6)
    (tracks 540)
    (zones 0)
    (modules 51)
    (nets 64)
  )

  (page A4)
  (layers
    (0 F.Cu signal)
    (31 B.Cu signal)
    (32 B.Adhes user)
    (33 F.Adhes user)
    (34 B.Paste user)
    (35 F.Paste user)
    (36 B.SilkS user)
    (37 F.SilkS user)
    (38 B.Mask user)
    (39 F.Mask user)
    (40 Dwgs.User user)
    (41 Cmts.User user)
    (42 Eco1.User user)
    (43 Eco2.User user)
    (44 Edge.Cuts user)
    (45 Margin user)
    (46 B.CrtYd user)
    (47 F.CrtYd user)
    (48 B.Fab user)
    (49 F.Fab user)
  )

  (setup
    (last_trace_width 0.152)
    (trace_clearance 0.152)
    (zone_clearance 0.254)
    (zone_45_only no)
    (trace_min 0.152)
    (via_size 0.6)
    (via_drill 0.3)
    (via_min_size 0.3)
    (via_min_drill 0.3)
    (uvia_size 0.3)
    (uvia_drill 0.1)
    (uvias_allowed no)
    (uvia_min_size 0.2)
    (uvia_min_drill 0.1)
    (edge_width 0.15)
    (segment_width 0.2)
    (pcb_text_width 0.3)
    (pcb_text_size 1.5 1.5)
    (mod_edge_width 0.15)
    (mod_text_size 1 1)
    (mod_text_width 0.15)
    (pad_size 1.524 1.524)
    (pad_drill 0.762)
    (pad_to_mask_clearance 0.2)
    (solder_mask_min_width 0.25)
    (aux_axis_origin 0 0)
    (grid_origin 5 5)
    (visible_elements 7FFFFFFF)
    (pcbplotparams
      (layerselection 0x010fc_ffffffff)
      (usegerberextensions false)
      (usegerberattributes true)
      (usegerberadvancedattributes true)
      (creategerberjobfile true)
      (excludeedgelayer true)
      (linewidth 0.100000)
      (plotframeref false)
      (viasonmask false)
      (mode 1)
      (useauxorigin false)
      (hpglpennumber 1)
      (hpglpenspeed 20)
      (hpglpendiameter 15.000000)
      (psnegative false)
      (psa4output false)
      (plotreference true)
      (plotvalue true)
      (plotinvisibletext false)
      (padsonsilk false)
      (subtractmaskfromsilk false)
      (outputformat 1)
      (mirror false)
      (drillshape 0)
      (scaleselection 1)
      (outputdirectory "./gerber"))
  )

  (net 0 "")
  (net 1 GND)
  (net 2 +24V)
  (net 3 "Net-(R1-Pad2)")
  (net 4 "Net-(R2-Pad2)")
  (net 5 "Net-(R3-Pad2)")
  (net 6 "Net-(R4-Pad2)")
  (net 7 "Net-(R5-Pad2)")
  (net 8 "Net-(R6-Pad2)")
  (net 9 "Net-(R7-Pad2)")
  (net 10 "Net-(R8-Pad2)")
  (net 11 "Net-(R9-Pad2)")
  (net 12 "Net-(R10-Pad2)")
  (net 13 "Net-(R11-Pad2)")
  (net 14 "Net-(R12-Pad2)")
  (net 15 "Net-(R13-Pad2)")
  (net 16 "Net-(R14-Pad2)")
  (net 17 "Net-(R15-Pad2)")
  (net 18 "Net-(R16-Pad2)")
  (net 19 "Net-(R17-Pad2)")
  (net 20 "Net-(R18-Pad2)")
  (net 21 "Net-(R19-Pad2)")
  (net 22 "Net-(R20-Pad2)")
  (net 23 "Net-(R21-Pad2)")
  (net 24 "Net-(R22-Pad2)")
  (net 25 "Net-(R23-Pad2)")
  (net 26 "Net-(R24-Pad2)")
  (net 27 "Net-(R25-Pad2)")
  (net 28 "Net-(R26-Pad2)")
  (net 29 "Net-(R27-Pad2)")
  (net 30 "Net-(R28-Pad2)")
  (net 31 +5V)
  (net 32 "Net-(J1-Pad2)")
  (net 33 "Net-(J1-Pad3)")
  (net 34 "Net-(J1-Pad4)")
  (net 35 "Net-(J1-Pad5)")
  (net 36 "Net-(J1-Pad6)")
  (net 37 "Net-(J1-Pad7)")
  (net 38 "Net-(J1-Pad8)")
  (net 39 "Net-(J1-Pad9)")
  (net 40 "Net-(J1-Pad10)")
  (net 41 "Net-(J1-Pad11)")
  (net 42 "Net-(J1-Pad12)")
  (net 43 "Net-(J1-Pad13)")
  (net 44 "Net-(J1-Pad14)")
  (net 45 "Net-(J1-Pad15)")
  (net 46 "Net-(J2-Pad15)")
  (net 47 "Net-(J2-Pad14)")
  (net 48 "Net-(J2-Pad13)")
  (net 49 "Net-(J2-Pad12)")
  (net 50 "Net-(J2-Pad11)")
  (net 51 "Net-(J2-Pad10)")
  (net 52 "Net-(J2-Pad9)")
  (net 53 "Net-(J2-Pad8)")
  (net 54 "Net-(J2-Pad7)")
  (net 55 "Net-(J2-Pad6)")
  (net 56 "Net-(J2-Pad5)")
  (net 57 "Net-(J2-Pad4)")
  (net 58 "Net-(J2-Pad3)")
  (net 59 "Net-(J2-Pad2)")
  (net 60 "Net-(R29-Pad1)")
  (net 61 "Net-(R30-Pad1)")
  (net 62 "Net-(R31-Pad1)")
  (net 63 "Net-(R32-Pad1)")

  (net_class Default "This is the default net class."
    (clearance 0.152)
    (trace_width 0.152)
    (via_dia 0.6)
    (via_drill 0.3)
    (uvia_dia 0.3)
    (uvia_drill 0.1)
    (add_net GND)
    (add_net "Net-(J1-Pad10)")
    (add_net "Net-(J1-Pad11)")
    (add_net "Net-(J1-Pad12)")
    (add_net "Net-(J1-Pad13)")
    (add_net "Net-(J1-Pad14)")
    (add_net "Net-(J1-Pad15)")
    (add_net "Net-(J1-Pad2)")
    (add_net "Net-(J1-Pad3)")
    (add_net "Net-(J1-Pad4)")
    (add_net "Net-(J1-Pad5)")
    (add_net "Net-(J1-Pad6)")
    (add_net "Net-(J1-Pad7)")
    (add_net "Net-(J1-Pad8)")
    (add_net "Net-(J1-Pad9)")
    (add_net "Net-(J2-Pad10)")
    (add_net "Net-(J2-Pad11)")
    (add_net "Net-(J2-Pad12)")
    (add_net "Net-(J2-Pad13)")
    (add_net "Net-(J2-Pad14)")
    (add_net "Net-(J2-Pad15)")
    (add_net "Net-(J2-Pad2)")
    (add_net "Net-(J2-Pad3)")
    (add_net "Net-(J2-Pad4)")
    (add_net "Net-(J2-Pad5)")
    (add_net "Net-(J2-Pad6)")
    (add_net "Net-(J2-Pad7)")
    (add_net "Net-(J2-Pad8)")
    (add_net "Net-(J2-Pad9)")
    (add_net "Net-(R1-Pad2)")
    (add_net "Net-(R10-Pad2)")
    (add_net "Net-(R11-Pad2)")
    (add_net "Net-(R12-Pad2)")
    (add_net "Net-(R13-Pad2)")
    (add_net "Net-(R14-Pad2)")
    (add_net "Net-(R15-Pad2)")
    (add_net "Net-(R16-Pad2)")
    (add_net "Net-(R17-Pad2)")
    (add_net "Net-(R18-Pad2)")
    (add_net "Net-(R19-Pad2)")
    (add_net "Net-(R2-Pad2)")
    (add_net "Net-(R20-Pad2)")
    (add_net "Net-(R21-Pad2)")
    (add_net "Net-(R22-Pad2)")
    (add_net "Net-(R23-Pad2)")
    (add_net "Net-(R24-Pad2)")
    (add_net "Net-(R25-Pad2)")
    (add_net "Net-(R26-Pad2)")
    (add_net "Net-(R27-Pad2)")
    (add_net "Net-(R28-Pad2)")
    (add_net "Net-(R29-Pad1)")
    (add_net "Net-(R3-Pad2)")
    (add_net "Net-(R30-Pad1)")
    (add_net "Net-(R31-Pad1)")
    (add_net "Net-(R32-Pad1)")
    (add_net "Net-(R4-Pad2)")
    (add_net "Net-(R5-Pad2)")
    (add_net "Net-(R6-Pad2)")
    (add_net "Net-(R7-Pad2)")
    (add_net "Net-(R8-Pad2)")
    (add_net "Net-(R9-Pad2)")
  )

  (net_class 24v ""
    (clearance 0.152)
    (trace_width 0.4)
    (via_dia 0.6)
    (via_drill 0.3)
    (uvia_dia 0.3)
    (uvia_drill 0.1)
    (add_net +24V)
  )

  (net_class 5v ""
    (clearance 0.152)
    (trace_width 0.4)
    (via_dia 0.6)
    (via_drill 0.3)
    (uvia_dia 0.3)
    (uvia_drill 0.1)
    (add_net +5V)
  )

  (module Symbol:OSHW-Symbol_13.4x12mm_SilkScreen (layer B.Cu) (tedit 0) (tstamp 5C0B9173)
    (at 127 127 180)
    (descr "Open Source Hardware Symbol")
    (tags "Logo Symbol OSHW")
    (attr virtual)
    (fp_text reference REF** (at 0 0 180) (layer B.SilkS) hide
      (effects (font (size 1 1) (thickness 0.15)) (justify mirror))
    )
    (fp_text value OSHW-Symbol_13.4x12mm_SilkScreen (at 0.75 0 180) (layer B.Fab) hide
      (effects (font (size 1 1) (thickness 0.15)) (justify mirror))
    )
    (fp_poly (pts (xy 1.119803 5.09936) (xy 1.288676 4.203573) (xy 1.911796 3.946702) (xy 2.534916 3.689832)
      (xy 3.282453 4.198151) (xy 3.491802 4.339684) (xy 3.681043 4.466055) (xy 3.841343 4.571493)
      (xy 3.963874 4.65023) (xy 4.039802 4.696495) (xy 4.06048 4.706471) (xy 4.097731 4.680814)
      (xy 4.177332 4.609885) (xy 4.290361 4.502743) (xy 4.427895 4.36845) (xy 4.581012 4.216066)
      (xy 4.740789 4.054653) (xy 4.898305 3.89327) (xy 5.044637 3.740978) (xy 5.170863 3.606838)
      (xy 5.26806 3.499911) (xy 5.327307 3.429258) (xy 5.341471 3.405612) (xy 5.321087 3.362021)
      (xy 5.263941 3.266519) (xy 5.176041 3.12845) (xy 5.063396 2.957155) (xy 4.932013 2.761975)
      (xy 4.855882 2.650648) (xy 4.717118 2.447367) (xy 4.593811 2.263927) (xy 4.491945 2.109458)
      (xy 4.417501 1.993091) (xy 4.376461 1.923958) (xy 4.370294 1.90943) (xy 4.384274 1.86814)
      (xy 4.422382 1.771908) (xy 4.478867 1.634266) (xy 4.54798 1.468742) (xy 4.62397 1.288868)
      (xy 4.701089 1.108172) (xy 4.773585 0.940186) (xy 4.835709 0.79844) (xy 4.881712 0.696463)
      (xy 4.905843 0.647786) (xy 4.907267 0.64587) (xy 4.945158 0.636575) (xy 5.046069 0.61584)
      (xy 5.19954 0.585702) (xy 5.395112 0.548199) (xy 5.622325 0.505371) (xy 5.754891 0.480674)
      (xy 5.997679 0.434447) (xy 6.216974 0.39046) (xy 6.401681 0.351119) (xy 6.540705 0.318831)
      (xy 6.622952 0.296003) (xy 6.639485 0.28876) (xy 6.655678 0.239739) (xy 6.668744 0.129023)
      (xy 6.678691 -0.030438) (xy 6.685528 -0.2257) (xy 6.689264 -0.443814) (xy 6.689907 -0.671835)
      (xy 6.687468 -0.896815) (xy 6.681953 -1.105809) (xy 6.673374 -1.285868) (xy 6.661737 -1.424047)
      (xy 6.647052 -1.507398) (xy 6.638245 -1.52475) (xy 6.585599 -1.545548) (xy 6.474043 -1.575282)
      (xy 6.318335 -1.610459) (xy 6.133229 -1.647586) (xy 6.068613 -1.659597) (xy 5.757071 -1.716662)
      (xy 5.510976 -1.762618) (xy 5.322195 -1.799293) (xy 5.182598 -1.828513) (xy 5.084052 -1.852104)
      (xy 5.018426 -1.871892) (xy 4.977589 -1.889706) (xy 4.953409 -1.90737) (xy 4.950026 -1.910861)
      (xy 4.916255 -1.9671) (xy 4.864737 -2.076547) (xy 4.800617 -2.2258) (xy 4.729039 -2.401459)
      (xy 4.655146 -2.590121) (xy 4.584083 -2.778385) (xy 4.520993 -2.952848) (xy 4.471021 -3.100108)
      (xy 4.439312 -3.206764) (xy 4.431008 -3.259413) (xy 4.4317 -3.261257) (xy 4.459836 -3.304292)
      (xy 4.523665 -3.398978) (xy 4.61648 -3.53546) (xy 4.731573 -3.703882) (xy 4.862237 -3.89439)
      (xy 4.899448 -3.948529) (xy 5.032129 -4.144804) (xy 5.148883 -4.323886) (xy 5.243349 -4.475492)
      (xy 5.309168 -4.589338) (xy 5.339978 -4.655141) (xy 5.341471 -4.663225) (xy 5.315584 -4.705715)
      (xy 5.244054 -4.789891) (xy 5.136076 -4.906705) (xy 5.000846 -5.04711) (xy 4.847558 -5.202061)
      (xy 4.685409 -5.362509) (xy 4.523593 -5.519409) (xy 4.371306 -5.663713) (xy 4.237743 -5.786376)
      (xy 4.1321 -5.87835) (xy 4.063572 -5.930589) (xy 4.044614 -5.939118) (xy 4.000487 -5.919029)
      (xy 3.910142 -5.864849) (xy 3.788295 -5.785704) (xy 3.694546 -5.722001) (xy 3.524678 -5.60511)
      (xy 3.323512 -5.467476) (xy 3.121733 -5.330063) (xy 3.01325 -5.256519) (xy 2.646058 -5.008155)
      (xy 2.337826 -5.174813) (xy 2.197404 -5.247822) (xy 2.077996 -5.304571) (xy 1.997202 -5.336937)
      (xy 1.976636 -5.341441) (xy 1.951906 -5.308189) (xy 1.903118 -5.214224) (xy 1.833913 -5.068213)
      (xy 1.747935 -4.878824) (xy 1.648824 -4.654724) (xy 1.540224 -4.404581) (xy 1.425775 -4.137063)
      (xy 1.30912 -3.860836) (xy 1.193901 -3.584568) (xy 1.08376 -3.316927) (xy 0.982339 -3.06658)
      (xy 0.89328 -2.842195) (xy 0.820225 -2.652439) (xy 0.766816 -2.50598) (xy 0.736695 -2.411485)
      (xy 0.731851 -2.379031) (xy 0.770245 -2.337636) (xy 0.854308 -2.270438) (xy 0.966467 -2.1914)
      (xy 0.975881 -2.185147) (xy 1.265768 -1.953103) (xy 1.499512 -1.682386) (xy 1.675087 -1.381653)
      (xy 1.790469 -1.059561) (xy 1.84363 -0.724765) (xy 1.832547 -0.385922) (xy 1.755192 -0.051688)
      (xy 1.60954 0.269281) (xy 1.566688 0.339505) (xy 1.343802 0.623073) (xy 1.080491 0.850782)
      (xy 0.785865 1.021449) (xy 0.469041 1.133888) (xy 0.13913 1.186917) (xy -0.194754 1.179349)
      (xy -0.523497 1.110002) (xy -0.837986 0.977691) (xy -1.129107 0.781232) (xy -1.21916 0.701494)
      (xy -1.448347 0.451892) (xy -1.615354 0.189132) (xy -1.729915 -0.105399) (xy -1.793719 -0.397075)
      (xy -1.80947 -0.725012) (xy -1.756949 -1.054577) (xy -1.64149 -1.37463) (xy -1.468429 -1.674032)
      (xy -1.243101 -1.941643) (xy -0.97084 -2.166325) (xy -0.935058 -2.190008) (xy -0.821698 -2.267568)
      (xy -0.735522 -2.334768) (xy -0.694323 -2.377675) (xy -0.693724 -2.379031) (xy -0.702569 -2.425446)
      (xy -0.737631 -2.530786) (xy -0.795267 -2.686388) (xy -0.871834 -2.883584) (xy -0.963686 -3.11371)
      (xy -1.067183 -3.368101) (xy -1.178679 -3.63809) (xy -1.294532 -3.915012) (xy -1.411097 -4.190201)
      (xy -1.524733 -4.454993) (xy -1.631794 -4.700721) (xy -1.728638 -4.918721) (xy -1.811621 -5.100326)
      (xy -1.877099 -5.236871) (xy -1.921431 -5.31969) (xy -1.939283 -5.341441) (xy -1.993834 -5.324504)
      (xy -2.095905 -5.279077) (xy -2.227895 -5.21328) (xy -2.300474 -5.174813) (xy -2.608705 -5.008155)
      (xy -2.975897 -5.256519) (xy -3.16334 -5.383754) (xy -3.368557 -5.523773) (xy -3.560867 -5.655612)
      (xy -3.657193 -5.722001) (xy -3.792673 -5.812976) (xy -3.907393 -5.885071) (xy -3.986388 -5.929154)
      (xy -4.012046 -5.938473) (xy -4.049391 -5.913334) (xy -4.132042 -5.843154) (xy -4.251985 -5.73522)
      (xy -4.401209 -5.596818) (xy -4.571699 -5.435235) (xy -4.679526 -5.331488) (xy -4.868172 -5.146135)
      (xy -5.031205 -4.980351) (xy -5.162032 -4.841227) (xy -5.254065 -4.735856) (xy -5.300713 -4.671329)
      (xy -5.305188 -4.658234) (xy -5.28442 -4.608425) (xy -5.227031 -4.507713) (xy -5.139387 -4.366295)
      (xy -5.027854 -4.194367) (xy -4.898797 -4.002124) (xy -4.862096 -3.948529) (xy -4.728368 -3.753733)
      (xy -4.608393 -3.578353) (xy -4.508879 -3.432243) (xy -4.436533 -3.325258) (xy -4.398064 -3.267255)
      (xy -4.394347 -3.261257) (xy -4.399905 -3.215032) (xy -4.429407 -3.113398) (xy -4.477709 -2.969758)
      (xy -4.539667 -2.797514) (xy -4.610137 -2.610066) (xy -4.683975 -2.420818) (xy -4.756037 -2.243171)
      (xy -4.821178 -2.090527) (xy -4.874255 -1.976288) (xy -4.910123 -1.913856) (xy -4.912673 -1.910861)
      (xy -4.934606 -1.893019) (xy -4.971652 -1.875374) (xy -5.031941 -1.856101) (xy -5.123604 -1.833374)
      (xy -5.254774 -1.805364) (xy -5.433582 -1.770247) (xy -5.668158 -1.726195) (xy -5.966635 -1.671382)
      (xy -6.03126 -1.659597) (xy -6.222794 -1.622591) (xy -6.389769 -1.586389) (xy -6.517432 -1.554485)
      (xy -6.591024 -1.530372) (xy -6.600892 -1.52475) (xy -6.617153 -1.47491) (xy -6.63037 -1.363532)
      (xy -6.640536 -1.203563) (xy -6.64764 -1.00795) (xy -6.651674 -0.78964) (xy -6.65263 -0.561579)
      (xy -6.650498 -0.336714) (xy -6.645269 -0.127991) (xy -6.636935 0.051642) (xy -6.625487 0.189238)
      (xy -6.610916 0.271852) (xy -6.602132 0.28876) (xy -6.55323 0.305816) (xy -6.441873 0.333564)
      (xy -6.279156 0.369597) (xy -6.076174 0.411507) (xy -5.844021 0.456889) (xy -5.717538 0.480674)
      (xy -5.477555 0.525535) (xy -5.263549 0.566175) (xy -5.085978 0.600554) (xy -4.955302 0.626635)
      (xy -4.881982 0.642379) (xy -4.869915 0.64587) (xy -4.849519 0.685221) (xy -4.806406 0.780007)
      (xy -4.746321 0.916685) (xy -4.675013 1.081714) (xy -4.598227 1.261553) (xy -4.52171 1.44266)
      (xy -4.45121 1.611493) (xy -4.392473 1.754512) (xy -4.351246 1.858174) (xy -4.333276 1.908939)
      (xy -4.332941 1.911158) (xy -4.353313 1.951204) (xy -4.410427 2.043361) (xy -4.498279 2.178467)
      (xy -4.610867 2.347365) (xy -4.742189 2.540895) (xy -4.818529 2.652059) (xy -4.957636 2.855884)
      (xy -5.081188 3.040937) (xy -5.183158 3.197854) (xy -5.257517 3.317276) (xy -5.298237 3.38984)
      (xy -5.304118 3.406107) (xy -5.278837 3.44397) (xy -5.208948 3.524814) (xy -5.103377 3.639581)
      (xy -4.971052 3.779215) (xy -4.820901 3.934658) (xy -4.661852 4.096854) (xy -4.502833 4.256746)
      (xy -4.352771 4.405276) (xy -4.220594 4.533387) (xy -4.11523 4.632023) (xy -4.045607 4.692127)
      (xy -4.022315 4.706471) (xy -3.98439 4.686301) (xy -3.893683 4.629637) (xy -3.759011 4.542247)
      (xy -3.589195 4.4299) (xy -3.393054 4.298362) (xy -3.2451 4.198151) (xy -2.497564 3.689832)
      (xy -1.874444 3.946702) (xy -1.251324 4.203573) (xy -0.913576 5.995147) (xy 0.950929 5.995147)
      (xy 1.119803 5.09936)) (layer B.SilkS) (width 0.01))
  )

  (module Package_SO:SOIC-16_3.9x9.9mm_P1.27mm (layer B.Cu) (tedit 5A02F2D3) (tstamp 5C02F878)
    (at 111.25 139.75 90)
    (descr "16-Lead Plastic Small Outline (SL) - Narrow, 3.90 mm Body [SOIC] (see Microchip Packaging Specification 00000049BS.pdf)")
    (tags "SOIC 1.27")
    (path /5C0D3B82)
    (attr smd)
    (fp_text reference U6 (at 0 6 90) (layer B.SilkS)
      (effects (font (size 1 1) (thickness 0.15)) (justify mirror))
    )
    (fp_text value ULN2003 (at 0 -6 90) (layer B.Fab)
      (effects (font (size 1 1) (thickness 0.15)) (justify mirror))
    )
    (fp_text user %R (at 0 0 90) (layer B.Fab)
      (effects (font (size 0.9 0.9) (thickness 0.135)) (justify mirror))
    )
    (fp_line (start -0.95 4.95) (end 1.95 4.95) (layer B.Fab) (width 0.15))
    (fp_line (start 1.95 4.95) (end 1.95 -4.95) (layer B.Fab) (width 0.15))
    (fp_line (start 1.95 -4.95) (end -1.95 -4.95) (layer B.Fab) (width 0.15))
    (fp_line (start -1.95 -4.95) (end -1.95 3.95) (layer B.Fab) (width 0.15))
    (fp_line (start -1.95 3.95) (end -0.95 4.95) (layer B.Fab) (width 0.15))
    (fp_line (start -3.7 5.25) (end -3.7 -5.25) (layer B.CrtYd) (width 0.05))
    (fp_line (start 3.7 5.25) (end 3.7 -5.25) (layer B.CrtYd) (width 0.05))
    (fp_line (start -3.7 5.25) (end 3.7 5.25) (layer B.CrtYd) (width 0.05))
    (fp_line (start -3.7 -5.25) (end 3.7 -5.25) (layer B.CrtYd) (width 0.05))
    (fp_line (start -2.075 5.075) (end -2.075 5.05) (layer B.SilkS) (width 0.15))
    (fp_line (start 2.075 5.075) (end 2.075 4.97) (layer B.SilkS) (width 0.15))
    (fp_line (start 2.075 -5.075) (end 2.075 -4.97) (layer B.SilkS) (width 0.15))
    (fp_line (start -2.075 -5.075) (end -2.075 -4.97) (layer B.SilkS) (width 0.15))
    (fp_line (start -2.075 5.075) (end 2.075 5.075) (layer B.SilkS) (width 0.15))
    (fp_line (start -2.075 -5.075) (end 2.075 -5.075) (layer B.SilkS) (width 0.15))
    (fp_line (start -2.075 5.05) (end -3.45 5.05) (layer B.SilkS) (width 0.15))
    (pad 1 smd rect (at -2.7 4.445 90) (size 1.5 0.6) (layers B.Cu B.Paste B.Mask)
      (net 32 "Net-(J1-Pad2)"))
    (pad 2 smd rect (at -2.7 3.175 90) (size 1.5 0.6) (layers B.Cu B.Paste B.Mask)
      (net 33 "Net-(J1-Pad3)"))
    (pad 3 smd rect (at -2.7 1.905 90) (size 1.5 0.6) (layers B.Cu B.Paste B.Mask)
      (net 34 "Net-(J1-Pad4)"))
    (pad 4 smd rect (at -2.7 0.635 90) (size 1.5 0.6) (layers B.Cu B.Paste B.Mask)
      (net 35 "Net-(J1-Pad5)"))
    (pad 5 smd rect (at -2.7 -0.635 90) (size 1.5 0.6) (layers B.Cu B.Paste B.Mask)
      (net 36 "Net-(J1-Pad6)"))
    (pad 6 smd rect (at -2.7 -1.905 90) (size 1.5 0.6) (layers B.Cu B.Paste B.Mask)
      (net 37 "Net-(J1-Pad7)"))
    (pad 7 smd rect (at -2.7 -3.175 90) (size 1.5 0.6) (layers B.Cu B.Paste B.Mask)
      (net 38 "Net-(J1-Pad8)"))
    (pad 8 smd rect (at -2.7 -4.445 90) (size 1.5 0.6) (layers B.Cu B.Paste B.Mask)
      (net 1 GND))
    (pad 9 smd rect (at 2.7 -4.445 90) (size 1.5 0.6) (layers B.Cu B.Paste B.Mask)
      (net 2 +24V))
    (pad 10 smd rect (at 2.7 -3.175 90) (size 1.5 0.6) (layers B.Cu B.Paste B.Mask)
      (net 27 "Net-(R25-Pad2)"))
    (pad 11 smd rect (at 2.7 -1.905 90) (size 1.5 0.6) (layers B.Cu B.Paste B.Mask)
      (net 23 "Net-(R21-Pad2)"))
    (pad 12 smd rect (at 2.7 -0.635 90) (size 1.5 0.6) (layers B.Cu B.Paste B.Mask)
      (net 19 "Net-(R17-Pad2)"))
    (pad 13 smd rect (at 2.7 0.635 90) (size 1.5 0.6) (layers B.Cu B.Paste B.Mask)
      (net 15 "Net-(R13-Pad2)"))
    (pad 14 smd rect (at 2.7 1.905 90) (size 1.5 0.6) (layers B.Cu B.Paste B.Mask)
      (net 11 "Net-(R9-Pad2)"))
    (pad 15 smd rect (at 2.7 3.175 90) (size 1.5 0.6) (layers B.Cu B.Paste B.Mask)
      (net 7 "Net-(R5-Pad2)"))
    (pad 16 smd rect (at 2.7 4.445 90) (size 1.5 0.6) (layers B.Cu B.Paste B.Mask)
      (net 3 "Net-(R1-Pad2)"))
    (model ${KISYS3DMOD}/Package_SO.3dshapes/SOIC-16_3.9x9.9mm_P1.27mm.wrl
      (at (xyz 0 0 0))
      (scale (xyz 1 1 1))
      (rotate (xyz 0 0 0))
    )
  )

  (module tubes:iv12-large (layer F.Cu) (tedit 5A8F6A19) (tstamp 5C04717B)
    (at 111.25 127 90)
    (path /5A91DFFF)
    (fp_text reference U2 (at -11.75 0 180) (layer F.SilkS)
      (effects (font (size 1 1) (thickness 0.15)))
    )
    (fp_text value iv12 (at 0 -11.5 90) (layer F.Fab)
      (effects (font (size 1 1) (thickness 0.15)))
    )
    (fp_circle (center 0 0) (end 10.75 0) (layer F.SilkS) (width 0.12))
    (fp_circle (center -3.649326 -5.678461) (end -3.514165 -5.468148) (layer F.SilkS) (width 0.15))
    (fp_circle (center 0 0) (end 11 0) (layer B.CrtYd) (width 0.05))
    (pad 1 thru_hole rect (at -2.973524 -4.626894 122.7) (size 2.4 2.4) (drill 1.6) (layers *.Cu *.Mask)
      (net 19 "Net-(R17-Pad2)"))
    (pad 2 thru_hole circle (at -5.002975 -2.284782 155.4) (size 2.4 2.4) (drill 1.6) (layers *.Cu *.Mask)
      (net 1 GND))
    (pad 3 thru_hole circle (at -5.444017 0.782731 188.2) (size 2.4 2.4) (drill 1.6) (layers *.Cu *.Mask)
      (net 61 "Net-(R30-Pad1)"))
    (pad 4 thru_hole circle (at -4.156622 3.601733 220.9) (size 2.4 2.4) (drill 1.6) (layers *.Cu *.Mask)
      (net 2 +24V))
    (pad 5 thru_hole circle (at -1.549529 5.277211 253.6) (size 2.4 2.4) (drill 1.6) (layers *.Cu *.Mask)
      (net 15 "Net-(R13-Pad2)"))
    (pad 6 thru_hole circle (at 1.549529 5.277211 286.3) (size 2.4 2.4) (drill 1.6) (layers *.Cu *.Mask)
      (net 11 "Net-(R9-Pad2)"))
    (pad 7 thru_hole circle (at 4.156622 3.601734 319.1) (size 2.4 2.4) (drill 1.6) (layers *.Cu *.Mask)
      (net 7 "Net-(R5-Pad2)"))
    (pad 8 thru_hole circle (at 5.444017 0.782732 351.8) (size 2.4 2.4) (drill 1.6) (layers *.Cu *.Mask)
      (net 3 "Net-(R1-Pad2)"))
    (pad 9 thru_hole circle (at 5.002975 -2.284782 24.5) (size 2.4 2.4) (drill 1.6) (layers *.Cu *.Mask)
      (net 27 "Net-(R25-Pad2)"))
    (pad 10 thru_hole circle (at 2.973524 -4.626894 57.2) (size 2.4 2.4) (drill 1.6) (layers *.Cu *.Mask)
      (net 23 "Net-(R21-Pad2)"))
  )

  (module Resistor_SMD:R_0603_1608Metric_Pad1.05x0.95mm_HandSolder (layer F.Cu) (tedit 5B301BBD) (tstamp 5C069FA6)
    (at 171.325362 111.481677 270)
    (descr "Resistor SMD 0603 (1608 Metric), square (rectangular) end terminal, IPC_7351 nominal with elongated pad for handsoldering. (Body size source: http://www.tortai-tech.com/upload/download/2011102023233369053.pdf), generated with kicad-footprint-generator")
    (tags "resistor handsolder")
    (path /5C0A20D5)
    (attr smd)
    (fp_text reference R16 (at -3.125 0 270) (layer F.SilkS)
      (effects (font (size 1 1) (thickness 0.15)))
    )
    (fp_text value 10k (at 0 1.43 270) (layer F.Fab)
      (effects (font (size 1 1) (thickness 0.15)))
    )
    (fp_line (start -0.8 0.4) (end -0.8 -0.4) (layer F.Fab) (width 0.1))
    (fp_line (start -0.8 -0.4) (end 0.8 -0.4) (layer F.Fab) (width 0.1))
    (fp_line (start 0.8 -0.4) (end 0.8 0.4) (layer F.Fab) (width 0.1))
    (fp_line (start 0.8 0.4) (end -0.8 0.4) (layer F.Fab) (width 0.1))
    (fp_line (start -0.171267 -0.51) (end 0.171267 -0.51) (layer F.SilkS) (width 0.12))
    (fp_line (start -0.171267 0.51) (end 0.171267 0.51) (layer F.SilkS) (width 0.12))
    (fp_line (start -1.65 0.73) (end -1.65 -0.73) (layer F.CrtYd) (width 0.05))
    (fp_line (start -1.65 -0.73) (end 1.65 -0.73) (layer F.CrtYd) (width 0.05))
    (fp_line (start 1.65 -0.73) (end 1.65 0.73) (layer F.CrtYd) (width 0.05))
    (fp_line (start 1.65 0.73) (end -1.65 0.73) (layer F.CrtYd) (width 0.05))
    (fp_text user %R (at 0 0 270) (layer F.Fab)
      (effects (font (size 0.4 0.4) (thickness 0.06)))
    )
    (pad 1 smd roundrect (at -0.875 0 270) (size 1.05 0.95) (layers F.Cu F.Paste F.Mask) (roundrect_rratio 0.25)
      (net 2 +24V))
    (pad 2 smd roundrect (at 0.875 0 270) (size 1.05 0.95) (layers F.Cu F.Paste F.Mask) (roundrect_rratio 0.25)
      (net 18 "Net-(R16-Pad2)"))
    (model ${KISYS3DMOD}/Resistor_SMD.3dshapes/R_0603_1608Metric.wrl
      (at (xyz 0 0 0))
      (scale (xyz 1 1 1))
      (rotate (xyz 0 0 0))
    )
  )

  (module Resistor_SMD:R_0603_1608Metric_Pad1.05x0.95mm_HandSolder (layer F.Cu) (tedit 5B301BBD) (tstamp 5C07518F)
    (at 111.3498 111.484772 270)
    (descr "Resistor SMD 0603 (1608 Metric), square (rectangular) end terminal, IPC_7351 nominal with elongated pad for handsoldering. (Body size source: http://www.tortai-tech.com/upload/download/2011102023233369053.pdf), generated with kicad-footprint-generator")
    (tags "resistor handsolder")
    (path /5C09732D)
    (attr smd)
    (fp_text reference R1 (at -3.625 0 270) (layer F.SilkS)
      (effects (font (size 1 1) (thickness 0.15)))
    )
    (fp_text value 10k (at 0 1.43 270) (layer F.Fab)
      (effects (font (size 1 1) (thickness 0.15)))
    )
    (fp_text user %R (at 0 0 270) (layer F.Fab)
      (effects (font (size 0.4 0.4) (thickness 0.06)))
    )
    (fp_line (start 1.65 0.73) (end -1.65 0.73) (layer F.CrtYd) (width 0.05))
    (fp_line (start 1.65 -0.73) (end 1.65 0.73) (layer F.CrtYd) (width 0.05))
    (fp_line (start -1.65 -0.73) (end 1.65 -0.73) (layer F.CrtYd) (width 0.05))
    (fp_line (start -1.65 0.73) (end -1.65 -0.73) (layer F.CrtYd) (width 0.05))
    (fp_line (start -0.171267 0.51) (end 0.171267 0.51) (layer F.SilkS) (width 0.12))
    (fp_line (start -0.171267 -0.51) (end 0.171267 -0.51) (layer F.SilkS) (width 0.12))
    (fp_line (start 0.8 0.4) (end -0.8 0.4) (layer F.Fab) (width 0.1))
    (fp_line (start 0.8 -0.4) (end 0.8 0.4) (layer F.Fab) (width 0.1))
    (fp_line (start -0.8 -0.4) (end 0.8 -0.4) (layer F.Fab) (width 0.1))
    (fp_line (start -0.8 0.4) (end -0.8 -0.4) (layer F.Fab) (width 0.1))
    (pad 2 smd roundrect (at 0.875 0 270) (size 1.05 0.95) (layers F.Cu F.Paste F.Mask) (roundrect_rratio 0.25)
      (net 3 "Net-(R1-Pad2)"))
    (pad 1 smd roundrect (at -0.875 0 270) (size 1.05 0.95) (layers F.Cu F.Paste F.Mask) (roundrect_rratio 0.25)
      (net 2 +24V))
    (model ${KISYS3DMOD}/Resistor_SMD.3dshapes/R_0603_1608Metric.wrl
      (at (xyz 0 0 0))
      (scale (xyz 1 1 1))
      (rotate (xyz 0 0 0))
    )
  )

  (module Resistor_SMD:R_0603_1608Metric_Pad1.05x0.95mm_HandSolder (layer F.Cu) (tedit 5B301BBD) (tstamp 5C0313FE)
    (at 87.616456 111.52604 270)
    (descr "Resistor SMD 0603 (1608 Metric), square (rectangular) end terminal, IPC_7351 nominal with elongated pad for handsoldering. (Body size source: http://www.tortai-tech.com/upload/download/2011102023233369053.pdf), generated with kicad-footprint-generator")
    (tags "resistor handsolder")
    (path /5C09FBC8)
    (attr smd)
    (fp_text reference R2 (at -3.625 0 270) (layer F.SilkS)
      (effects (font (size 1 1) (thickness 0.15)))
    )
    (fp_text value 10k (at 0 1.43 270) (layer F.Fab)
      (effects (font (size 1 1) (thickness 0.15)))
    )
    (fp_text user %R (at 0 0 270) (layer F.Fab)
      (effects (font (size 0.4 0.4) (thickness 0.06)))
    )
    (fp_line (start 1.65 0.73) (end -1.65 0.73) (layer F.CrtYd) (width 0.05))
    (fp_line (start 1.65 -0.73) (end 1.65 0.73) (layer F.CrtYd) (width 0.05))
    (fp_line (start -1.65 -0.73) (end 1.65 -0.73) (layer F.CrtYd) (width 0.05))
    (fp_line (start -1.65 0.73) (end -1.65 -0.73) (layer F.CrtYd) (width 0.05))
    (fp_line (start -0.171267 0.51) (end 0.171267 0.51) (layer F.SilkS) (width 0.12))
    (fp_line (start -0.171267 -0.51) (end 0.171267 -0.51) (layer F.SilkS) (width 0.12))
    (fp_line (start 0.8 0.4) (end -0.8 0.4) (layer F.Fab) (width 0.1))
    (fp_line (start 0.8 -0.4) (end 0.8 0.4) (layer F.Fab) (width 0.1))
    (fp_line (start -0.8 -0.4) (end 0.8 -0.4) (layer F.Fab) (width 0.1))
    (fp_line (start -0.8 0.4) (end -0.8 -0.4) (layer F.Fab) (width 0.1))
    (pad 2 smd roundrect (at 0.875 0 270) (size 1.05 0.95) (layers F.Cu F.Paste F.Mask) (roundrect_rratio 0.25)
      (net 4 "Net-(R2-Pad2)"))
    (pad 1 smd roundrect (at -0.875 0 270) (size 1.05 0.95) (layers F.Cu F.Paste F.Mask) (roundrect_rratio 0.25)
      (net 2 +24V))
    (model ${KISYS3DMOD}/Resistor_SMD.3dshapes/R_0603_1608Metric.wrl
      (at (xyz 0 0 0))
      (scale (xyz 1 1 1))
      (rotate (xyz 0 0 0))
    )
  )

  (module Resistor_SMD:R_0603_1608Metric_Pad1.05x0.95mm_HandSolder (layer F.Cu) (tedit 5B301BBD) (tstamp 5C02F6AA)
    (at 142.438568 111.305678 270)
    (descr "Resistor SMD 0603 (1608 Metric), square (rectangular) end terminal, IPC_7351 nominal with elongated pad for handsoldering. (Body size source: http://www.tortai-tech.com/upload/download/2011102023233369053.pdf), generated with kicad-footprint-generator")
    (tags "resistor handsolder")
    (path /5C0A2016)
    (attr smd)
    (fp_text reference R3 (at -3.625 0 270) (layer F.SilkS)
      (effects (font (size 1 1) (thickness 0.15)))
    )
    (fp_text value 10k (at 0 1.43 270) (layer F.Fab)
      (effects (font (size 1 1) (thickness 0.15)))
    )
    (fp_text user %R (at 0 0 270) (layer F.Fab)
      (effects (font (size 0.4 0.4) (thickness 0.06)))
    )
    (fp_line (start 1.65 0.73) (end -1.65 0.73) (layer F.CrtYd) (width 0.05))
    (fp_line (start 1.65 -0.73) (end 1.65 0.73) (layer F.CrtYd) (width 0.05))
    (fp_line (start -1.65 -0.73) (end 1.65 -0.73) (layer F.CrtYd) (width 0.05))
    (fp_line (start -1.65 0.73) (end -1.65 -0.73) (layer F.CrtYd) (width 0.05))
    (fp_line (start -0.171267 0.51) (end 0.171267 0.51) (layer F.SilkS) (width 0.12))
    (fp_line (start -0.171267 -0.51) (end 0.171267 -0.51) (layer F.SilkS) (width 0.12))
    (fp_line (start 0.8 0.4) (end -0.8 0.4) (layer F.Fab) (width 0.1))
    (fp_line (start 0.8 -0.4) (end 0.8 0.4) (layer F.Fab) (width 0.1))
    (fp_line (start -0.8 -0.4) (end 0.8 -0.4) (layer F.Fab) (width 0.1))
    (fp_line (start -0.8 0.4) (end -0.8 -0.4) (layer F.Fab) (width 0.1))
    (pad 2 smd roundrect (at 0.875 0 270) (size 1.05 0.95) (layers F.Cu F.Paste F.Mask) (roundrect_rratio 0.25)
      (net 5 "Net-(R3-Pad2)"))
    (pad 1 smd roundrect (at -0.875 0 270) (size 1.05 0.95) (layers F.Cu F.Paste F.Mask) (roundrect_rratio 0.25)
      (net 2 +24V))
    (model ${KISYS3DMOD}/Resistor_SMD.3dshapes/R_0603_1608Metric.wrl
      (at (xyz 0 0 0))
      (scale (xyz 1 1 1))
      (rotate (xyz 0 0 0))
    )
  )

  (module Resistor_SMD:R_0603_1608Metric_Pad1.05x0.95mm_HandSolder (layer F.Cu) (tedit 5B301BBD) (tstamp 5C069F16)
    (at 166.825362 111.481677 270)
    (descr "Resistor SMD 0603 (1608 Metric), square (rectangular) end terminal, IPC_7351 nominal with elongated pad for handsoldering. (Body size source: http://www.tortai-tech.com/upload/download/2011102023233369053.pdf), generated with kicad-footprint-generator")
    (tags "resistor handsolder")
    (path /5C0A20AB)
    (attr smd)
    (fp_text reference R4 (at -3.625 0 270) (layer F.SilkS)
      (effects (font (size 1 1) (thickness 0.15)))
    )
    (fp_text value 10k (at 0 1.43 270) (layer F.Fab)
      (effects (font (size 1 1) (thickness 0.15)))
    )
    (fp_text user %R (at 0 0 270) (layer F.Fab)
      (effects (font (size 0.4 0.4) (thickness 0.06)))
    )
    (fp_line (start 1.65 0.73) (end -1.65 0.73) (layer F.CrtYd) (width 0.05))
    (fp_line (start 1.65 -0.73) (end 1.65 0.73) (layer F.CrtYd) (width 0.05))
    (fp_line (start -1.65 -0.73) (end 1.65 -0.73) (layer F.CrtYd) (width 0.05))
    (fp_line (start -1.65 0.73) (end -1.65 -0.73) (layer F.CrtYd) (width 0.05))
    (fp_line (start -0.171267 0.51) (end 0.171267 0.51) (layer F.SilkS) (width 0.12))
    (fp_line (start -0.171267 -0.51) (end 0.171267 -0.51) (layer F.SilkS) (width 0.12))
    (fp_line (start 0.8 0.4) (end -0.8 0.4) (layer F.Fab) (width 0.1))
    (fp_line (start 0.8 -0.4) (end 0.8 0.4) (layer F.Fab) (width 0.1))
    (fp_line (start -0.8 -0.4) (end 0.8 -0.4) (layer F.Fab) (width 0.1))
    (fp_line (start -0.8 0.4) (end -0.8 -0.4) (layer F.Fab) (width 0.1))
    (pad 2 smd roundrect (at 0.875 0 270) (size 1.05 0.95) (layers F.Cu F.Paste F.Mask) (roundrect_rratio 0.25)
      (net 6 "Net-(R4-Pad2)"))
    (pad 1 smd roundrect (at -0.875 0 270) (size 1.05 0.95) (layers F.Cu F.Paste F.Mask) (roundrect_rratio 0.25)
      (net 2 +24V))
    (model ${KISYS3DMOD}/Resistor_SMD.3dshapes/R_0603_1608Metric.wrl
      (at (xyz 0 0 0))
      (scale (xyz 1 1 1))
      (rotate (xyz 0 0 0))
    )
  )

  (module Resistor_SMD:R_0603_1608Metric_Pad1.05x0.95mm_HandSolder (layer F.Cu) (tedit 5B301BBD) (tstamp 5C07515F)
    (at 112.8498 111.484772 270)
    (descr "Resistor SMD 0603 (1608 Metric), square (rectangular) end terminal, IPC_7351 nominal with elongated pad for handsoldering. (Body size source: http://www.tortai-tech.com/upload/download/2011102023233369053.pdf), generated with kicad-footprint-generator")
    (tags "resistor handsolder")
    (path /5C097CA9)
    (attr smd)
    (fp_text reference R5 (at -3.625 0 270) (layer F.SilkS)
      (effects (font (size 1 1) (thickness 0.15)))
    )
    (fp_text value 10k (at 0 1.43 270) (layer F.Fab)
      (effects (font (size 1 1) (thickness 0.15)))
    )
    (fp_text user %R (at 0 0 270) (layer F.Fab)
      (effects (font (size 0.4 0.4) (thickness 0.06)))
    )
    (fp_line (start 1.65 0.73) (end -1.65 0.73) (layer F.CrtYd) (width 0.05))
    (fp_line (start 1.65 -0.73) (end 1.65 0.73) (layer F.CrtYd) (width 0.05))
    (fp_line (start -1.65 -0.73) (end 1.65 -0.73) (layer F.CrtYd) (width 0.05))
    (fp_line (start -1.65 0.73) (end -1.65 -0.73) (layer F.CrtYd) (width 0.05))
    (fp_line (start -0.171267 0.51) (end 0.171267 0.51) (layer F.SilkS) (width 0.12))
    (fp_line (start -0.171267 -0.51) (end 0.171267 -0.51) (layer F.SilkS) (width 0.12))
    (fp_line (start 0.8 0.4) (end -0.8 0.4) (layer F.Fab) (width 0.1))
    (fp_line (start 0.8 -0.4) (end 0.8 0.4) (layer F.Fab) (width 0.1))
    (fp_line (start -0.8 -0.4) (end 0.8 -0.4) (layer F.Fab) (width 0.1))
    (fp_line (start -0.8 0.4) (end -0.8 -0.4) (layer F.Fab) (width 0.1))
    (pad 2 smd roundrect (at 0.875 0 270) (size 1.05 0.95) (layers F.Cu F.Paste F.Mask) (roundrect_rratio 0.25)
      (net 7 "Net-(R5-Pad2)"))
    (pad 1 smd roundrect (at -0.875 0 270) (size 1.05 0.95) (layers F.Cu F.Paste F.Mask) (roundrect_rratio 0.25)
      (net 2 +24V))
    (model ${KISYS3DMOD}/Resistor_SMD.3dshapes/R_0603_1608Metric.wrl
      (at (xyz 0 0 0))
      (scale (xyz 1 1 1))
      (rotate (xyz 0 0 0))
    )
  )

  (module Resistor_SMD:R_0603_1608Metric_Pad1.05x0.95mm_HandSolder (layer F.Cu) (tedit 5B301BBD) (tstamp 5C0314BE)
    (at 89.116456 111.52604 270)
    (descr "Resistor SMD 0603 (1608 Metric), square (rectangular) end terminal, IPC_7351 nominal with elongated pad for handsoldering. (Body size source: http://www.tortai-tech.com/upload/download/2011102023233369053.pdf), generated with kicad-footprint-generator")
    (tags "resistor handsolder")
    (path /5C09FBD1)
    (attr smd)
    (fp_text reference R6 (at -3.625 0 270) (layer F.SilkS)
      (effects (font (size 1 1) (thickness 0.15)))
    )
    (fp_text value 10k (at 0 1.43 270) (layer F.Fab)
      (effects (font (size 1 1) (thickness 0.15)))
    )
    (fp_line (start -0.8 0.4) (end -0.8 -0.4) (layer F.Fab) (width 0.1))
    (fp_line (start -0.8 -0.4) (end 0.8 -0.4) (layer F.Fab) (width 0.1))
    (fp_line (start 0.8 -0.4) (end 0.8 0.4) (layer F.Fab) (width 0.1))
    (fp_line (start 0.8 0.4) (end -0.8 0.4) (layer F.Fab) (width 0.1))
    (fp_line (start -0.171267 -0.51) (end 0.171267 -0.51) (layer F.SilkS) (width 0.12))
    (fp_line (start -0.171267 0.51) (end 0.171267 0.51) (layer F.SilkS) (width 0.12))
    (fp_line (start -1.65 0.73) (end -1.65 -0.73) (layer F.CrtYd) (width 0.05))
    (fp_line (start -1.65 -0.73) (end 1.65 -0.73) (layer F.CrtYd) (width 0.05))
    (fp_line (start 1.65 -0.73) (end 1.65 0.73) (layer F.CrtYd) (width 0.05))
    (fp_line (start 1.65 0.73) (end -1.65 0.73) (layer F.CrtYd) (width 0.05))
    (fp_text user %R (at 0 0 270) (layer F.Fab)
      (effects (font (size 0.4 0.4) (thickness 0.06)))
    )
    (pad 1 smd roundrect (at -0.875 0 270) (size 1.05 0.95) (layers F.Cu F.Paste F.Mask) (roundrect_rratio 0.25)
      (net 2 +24V))
    (pad 2 smd roundrect (at 0.875 0 270) (size 1.05 0.95) (layers F.Cu F.Paste F.Mask) (roundrect_rratio 0.25)
      (net 8 "Net-(R6-Pad2)"))
    (model ${KISYS3DMOD}/Resistor_SMD.3dshapes/R_0603_1608Metric.wrl
      (at (xyz 0 0 0))
      (scale (xyz 1 1 1))
      (rotate (xyz 0 0 0))
    )
  )

  (module Resistor_SMD:R_0603_1608Metric_Pad1.05x0.95mm_HandSolder (layer F.Cu) (tedit 5B301BBD) (tstamp 5C0313CE)
    (at 143.938568 111.305678 270)
    (descr "Resistor SMD 0603 (1608 Metric), square (rectangular) end terminal, IPC_7351 nominal with elongated pad for handsoldering. (Body size source: http://www.tortai-tech.com/upload/download/2011102023233369053.pdf), generated with kicad-footprint-generator")
    (tags "resistor handsolder")
    (path /5C0A201F)
    (attr smd)
    (fp_text reference R7 (at -3.625 0 270) (layer F.SilkS)
      (effects (font (size 1 1) (thickness 0.15)))
    )
    (fp_text value 10k (at 0 1.43 270) (layer F.Fab)
      (effects (font (size 1 1) (thickness 0.15)))
    )
    (fp_line (start -0.8 0.4) (end -0.8 -0.4) (layer F.Fab) (width 0.1))
    (fp_line (start -0.8 -0.4) (end 0.8 -0.4) (layer F.Fab) (width 0.1))
    (fp_line (start 0.8 -0.4) (end 0.8 0.4) (layer F.Fab) (width 0.1))
    (fp_line (start 0.8 0.4) (end -0.8 0.4) (layer F.Fab) (width 0.1))
    (fp_line (start -0.171267 -0.51) (end 0.171267 -0.51) (layer F.SilkS) (width 0.12))
    (fp_line (start -0.171267 0.51) (end 0.171267 0.51) (layer F.SilkS) (width 0.12))
    (fp_line (start -1.65 0.73) (end -1.65 -0.73) (layer F.CrtYd) (width 0.05))
    (fp_line (start -1.65 -0.73) (end 1.65 -0.73) (layer F.CrtYd) (width 0.05))
    (fp_line (start 1.65 -0.73) (end 1.65 0.73) (layer F.CrtYd) (width 0.05))
    (fp_line (start 1.65 0.73) (end -1.65 0.73) (layer F.CrtYd) (width 0.05))
    (fp_text user %R (at 0 0 270) (layer F.Fab)
      (effects (font (size 0.4 0.4) (thickness 0.06)))
    )
    (pad 1 smd roundrect (at -0.875 0 270) (size 1.05 0.95) (layers F.Cu F.Paste F.Mask) (roundrect_rratio 0.25)
      (net 2 +24V))
    (pad 2 smd roundrect (at 0.875 0 270) (size 1.05 0.95) (layers F.Cu F.Paste F.Mask) (roundrect_rratio 0.25)
      (net 9 "Net-(R7-Pad2)"))
    (model ${KISYS3DMOD}/Resistor_SMD.3dshapes/R_0603_1608Metric.wrl
      (at (xyz 0 0 0))
      (scale (xyz 1 1 1))
      (rotate (xyz 0 0 0))
    )
  )

  (module Resistor_SMD:R_0603_1608Metric_Pad1.05x0.95mm_HandSolder (layer F.Cu) (tedit 5B301BBD) (tstamp 5C069F46)
    (at 168.325362 111.481677 270)
    (descr "Resistor SMD 0603 (1608 Metric), square (rectangular) end terminal, IPC_7351 nominal with elongated pad for handsoldering. (Body size source: http://www.tortai-tech.com/upload/download/2011102023233369053.pdf), generated with kicad-footprint-generator")
    (tags "resistor handsolder")
    (path /5C0A20B4)
    (attr smd)
    (fp_text reference R8 (at -3.625 0 270) (layer F.SilkS)
      (effects (font (size 1 1) (thickness 0.15)))
    )
    (fp_text value 10k (at 0 1.43 270) (layer F.Fab)
      (effects (font (size 1 1) (thickness 0.15)))
    )
    (fp_line (start -0.8 0.4) (end -0.8 -0.4) (layer F.Fab) (width 0.1))
    (fp_line (start -0.8 -0.4) (end 0.8 -0.4) (layer F.Fab) (width 0.1))
    (fp_line (start 0.8 -0.4) (end 0.8 0.4) (layer F.Fab) (width 0.1))
    (fp_line (start 0.8 0.4) (end -0.8 0.4) (layer F.Fab) (width 0.1))
    (fp_line (start -0.171267 -0.51) (end 0.171267 -0.51) (layer F.SilkS) (width 0.12))
    (fp_line (start -0.171267 0.51) (end 0.171267 0.51) (layer F.SilkS) (width 0.12))
    (fp_line (start -1.65 0.73) (end -1.65 -0.73) (layer F.CrtYd) (width 0.05))
    (fp_line (start -1.65 -0.73) (end 1.65 -0.73) (layer F.CrtYd) (width 0.05))
    (fp_line (start 1.65 -0.73) (end 1.65 0.73) (layer F.CrtYd) (width 0.05))
    (fp_line (start 1.65 0.73) (end -1.65 0.73) (layer F.CrtYd) (width 0.05))
    (fp_text user %R (at 0 0 270) (layer F.Fab)
      (effects (font (size 0.4 0.4) (thickness 0.06)))
    )
    (pad 1 smd roundrect (at -0.875 0 270) (size 1.05 0.95) (layers F.Cu F.Paste F.Mask) (roundrect_rratio 0.25)
      (net 2 +24V))
